1.15342 8.82555 
4.45665 -5.43272 
1.71324 19.8791 
6.44975 8.64109 
-0.9477 9.70739 
1.01186 5.62932 
-2.36208 16.4675 
6.54578 9.21608 
1.59598 6.78286 
5.52991 14.7771 
5.58917 -0.0814371 
-4.341 -3.19148 
-0.415076 6.15239 
-3.9781 6.2568 
4.05174 12.6582 
8.92807 5.12554 
8.84733 3.73564 
6.80399 4.70917 
-4.18391 5.94259 
-3.17924 2.87705 
1.7796 0.431026 
8.37184 -7.66498 
-4.3893 1.07505 
2.6347 10.812 
1.96189 12.8197 
7.82205 1.53222 
1.96949 10.1139 
6.75357 10.2318 
5.04474 17.3518 
-3.94646 13.1141 
-7.42949 11.4527 
-1.37568 -0.688567 
0.680023 10.1034 
-2.68252 4.63623 
-6.62039 11.7644 
0.44119 4.58347 
-0.670658 11.9836 
2.20479 7.9522 
4.95131 7.41524 
1.62836 5.84423 
2.75483 -2.1689 
-3.67763 10.3978 
-8.21907 4.91412 
-1.17266 1.03945 
2.58264 5.99199 
-2.45677 1.47202 
-8.18752 2.70683 
-0.928482 1.73745 
-7.84013 6.0988 
-1.86176 -5.24661 
4.16636 4.73332 
2.40628 4.75611 
4.47639 -0.408347 
3.22762 6.30409 
-5.25549 7.17775 
8.6098 7.33209 
-4.99913 5.5361 
-6.89695 17.0781 
-6.95212 2.99866 
8.32862 10.352 
-0.717652 13.4019 
1.48661 -1.90356 
-2.79169 7.58337 
2.39178 11.7777 
1.40817 10.9383 
-1.55612 2.61717 
-3.3733 4.18621 
2.5635 9.54088 
2.84897 11.4123 
-0.818503 -0.77802 
3.55516 4.60242 
0.197091 0.517335 
2.11467 12.7574 
8.12967 13.0447 
-6.48192 -0.20721 
2.93758 14.1055 
-2.83054 -0.616446 
-0.195084 12.908 
-3.6942 0.551149 
-9.17919 7.2812 
0.233632 -0.607763 
1.33611 1.83876 
-1.89487 10.7522 
-0.594218 9.67343 
0.278226 2.36164 
-5.14425 9.12347 
4.60189 -6.95112 
1.66169 0.687551 
1.17921 -0.407574 
-2.41221 15.3155 
-3.91736 5.58332 
1.51194 5.39981 
-0.57299 11.0695 
-4.99317 10.0712 
-5.27976 2.41702 
3.65125 11.2738 
4.32315 9.51157 
-0.202536 4.97073 
0.976217 9.52713 
-3.82786 2.52556 
-0.339129 8.99628 
6.21105 12.5728 
-3.553 14.5826 
-5.18823 3.09212 
-5.5654 2.3198 
7.00848 15.4996 
-0.498508 1.74437 
3.35519 3.14532 
-7.00312 8.88813 
-7.67119 1.98736 
-2.75477 9.74037 
-11.6641 11.0461 
1.49593 0.524522 
5.6496 2.1675 
-7.05635 4.22725 
-2.91907 12.9783 
0.420159 4.4526 
1.16629 4.54346 
1.18088 3.81402 
1.81295 2.15154 
-2.03322 4.88285 
5.79454 3.4827 
-1.5584 5.59744 
-1.57836 2.7361 
-10.2563 16.2132 
-0.85716 15.6933 
-1.61104 -0.754802 
3.46041 1.9003 
1.9291 5.90865 
-0.118301 10.0824 
-1.02215 4.03722 
-0.453779 6.42035 
5.23525 9.28392 
-0.280074 4.23557 
4.16625 5.59892 
6.6939 8.29913 
-6.37196 14.7086 
1.4781 -1.88263 
-7.06988 8.9812 
5.3561 8.03165 
5.92553 8.18407 
7.6341 4.49542 
-9.1641 -2.22929 
1.56565 -1.61203 
6.75661 2.85116 
7.84813 7.2731 
-3.45997 6.87127 
2.38703 9.74234 
4.39506 8.23778 
9.26403 10.8835 
7.40839 1.51211 
0.0189377 6.08498 
-6.58917 9.21468 
12.6283 5.08515 
3.05619 11.9836 
-4.87015 3.47 
1.5285 6.60094 
-11.7906 19.097 
14.7353 0.00896454 
3.62697 8.87633 
-3.21711 2.21192 
2.70435 13.2866 
4.80793 6.09932 
1.79904 9.43489 
5.33523 10.2586 
-1.7208 1.76381 
-2.70966 8.90833 
-0.929449 -1.60522 
-0.240083 11.989 
2.70564 14.5827 
3.52619 8.45934 
3.28063 4.56725 
11.8898 11.3588 
5.07228 -1.16985 
-3.91368 15.8626 
2.89825 5.23198 
-1.95064 11.7787 
-1.26245 11.017 
-0.773606 10.7362 
-0.471213 13.2446 
7.36199 8.28319 
-1.57261 8.48004 
0.0374805 0.0656338 
-9.39813 5.92139 
-4.21847 1.91046 
-5.15529 1.75195 
3.97991 6.00701 
-10.8793 5.65588 
2.54979 15.8176 
9.90434 5.65047 
1.46678 3.98964 
7.41208 22.6847 
2.87965 10.1216 
-4.23095 3.45911 
4.12422 8.0397 
4.48 5.51709 
11.7833 4.50511 
0.265596 8.15417 
2.34988 12.3906 
-2.46608 12.1459 
2.13186 14.7239 
-4.26458 10.222 
-2.70178 1.10868 
3.24453 6.95637 
0.993652 2.73479 
-6.27714 3.50085 
-1.65847 7.7793 
6.39057 3.04217 
-6.28565 5.41693 
4.74561 10.7709 
3.71132 7.41756 
-3.31153 11.5243 
1.33691 8.75897 
1.18456 7.86752 
13.1221 3.68769 
-8.47195 7.18173 
-4.20117 7.30703 
-2.27869 -2.94418 
-3.01117 8.55539 
-2.26759 11.229 
7.08089 0.400786 
-3.46247 13.0914 
3.93827 -0.305442 
5.12964 12.0669 
-3.90583 9.24445 
0.63854 6.72554 
-3.31812 7.044 
0.0597163 3.12169 
2.06914 3.71668 
3.56779 6.77444 
-5.41929 5.52009 
5.94383 15.9971 
11.6214 10.9654 
2.55878 7.27433 
3.99408 9.8903 
-5.1739 -5.85191 
1.0221 7.07581 
0.598958 9.66045 
-7.31347 4.34966 
2.8722 9.0471 
7.60956 6.15661 
15.4311 6.24338 
-5.42319 6.12626 
5.88924 13.9956 
-17.0616 9.89223 
-6.57871 7.32553 
-1.58218 5.93778 
2.31225 0.167033 
2.81009 10.148 
-5.52679 13.9386 
4.23709 6.49858 
3.77813 6.81823 
-3.67394 17.9246 
-0.839939 5.31455 
10.4091 8.39548 
-3.47372 3.07809 
-0.238492 -2.66843 
-11.1425 14.5644 
-1.49046 0.546207 
-3.53187 0.451666 
-4.95532 5.6271 
3.87746 0.619794 
0.099518 -2.65258 
3.22649 7.67037 
1.30037 8.56391 
-15.2925 1.07449 
0.792596 4.73153 
1.19154 1.73677 
5.23137 -3.592 
-4.8477 12.7488 
-3.83956 6.16685 
9.09316 5.36175 
-8.08547 10.9444 
-11.0111 2.8267 
4.05363 -1.50363 
3.56307 9.69077 
3.41727 9.29638 
-5.3775 5.1088 
-2.59722 5.79801 
-8.05843 19.1285 
-3.25656 6.95428 
1.78641 4.46133 
2.92363 8.34248 
2.51332 7.02542 
2.83248 5.47984 
6.71065 11.3883 
1.57992 17.3566 
-1.45256 5.07307 
2.23049 -2.91554 
-0.419919 8.13231 
-2.05937 1.94267 
-3.02106 6.28991 
4.07996 -0.439678 
10.0943 1.74632 
-2.09642 4.39265 
-1.78904 9.25713 
-2.21331 5.14886 
2.46909 6.00734 
-11.4496 7.17582 
5.59894 10.0014 
3.55565 13.4014 
0.291464 1.11375 
-2.52499 13.3068 
-2.21955 1.62291 
-1.10468 11.3596 
3.28831 -1.49874 
-0.943367 7.53203 
-3.49748 -3.14876 
-2.84455 8.94779 
1.46596 4.72882 
6.40799 4.12422 
-0.716489 -3.84809 
-2.14431 12.8273 
-17.9281 0.596282 
-2.46136 2.62582 
7.28083 8.0199 
6.72022 5.25208 
8.33866 7.80855 
-0.252944 7.98332 
-1.17763 12.1323 
2.39965 1.66304 
-10.5252 -0.0592804 
-6.20606 6.36447 
-1.60691 12.5485 
-4.07865 13.6373 
4.05526 3.40773 
-6.18195 4.54243 
-8.57132 3.49042 
-3.06413 7.80591 
-1.23387 4.22605 
-1.52497 13.3367 
-6.21169 5.41859 
3.94116 8.74705 
4.08804 7.45061 
10.2819 5.49321 
-6.24083 6.13014 
-4.50319 14.0608 
-5.39222 3.74131 
5.80099 7.86255 
-4.51105 1.23379 
-5.54276 6.2583 
-1.23884 12.9002 
2.60209 7.15082 
-1.32835 0.946914 
1.84151 9.57674 
-3.65623 4.50059 
-4.51728 3.88876 
1.50864 -2.02836 
0.59447 9.37951 
-3.5785 6.93694 
-1.67104 13.9866 
-1.77252 14.3278 
-3.20129 10.4993 
-6.29845 5.04258 
4.48607 -0.356498 
0.389539 7.26762 
5.13292 -2.46082 
3.48598 -2.75322 
-3.06842 18.7482 
-0.729812 1.63315 
-4.19452 11.2076 
0.759781 -4.50244 
-2.30224 7.2344 
10.2033 8.00321 
-3.31436 -2.53107 
0.943076 6.89856 
2.05783 12.5472 
-0.693864 3.12579 
3.94239 0.14643 
-3.98679 8.9152 
0.957774 4.10281 
7.23345 5.93664 
1.01657 8.75216 
2.34533 0.534673 
-0.770498 -2.85299 
0.444712 0.322272 
-1.64413 3.24571 
2.54971 3.7443 
-2.31143 10.5513 
0.269866 4.43218 
-1.18 6.50436 
1.76343 8.51672 
2.24562 15.6148 
-0.345321 5.69017 
-5.24042 -2.27373 
14.9591 7.27304 
-4.29413 5.56886 
-9.44829 6.92451 
3.50807 5.9976 
-7.3877 5.73984 
-1.63482 -1.58318 
-9.53414 10.9402 
5.59214 6.05576 
-3.00261 7.84304 
-5.72456 13.2686 
-0.652662 5.75714 
7.98852 5.36753 
-2.137 8.67354 
1.92428 16.8324 
-5.67811 8.60444 
5.50982 2.31341 
-0.757713 9.29222 
-3.88982 7.53844 
0.475182 14.0838 
0.606651 6.77815 
-0.259602 8.33818 
-2.58138 7.14777 
-1.6007 7.31591 
-7.34894 15.4429 
-5.32675 3.14208 
-4.68832 3.87902 
6.41208 4.51803 
-4.52614 1.19413 
-2.36042 3.71011 
-7.07065 14.5278 
0.482039 -0.0213423 
2.12133 7.10715 
4.6635 5.77328 
-0.000500147 4.2459 
3.99763 11.8019 
-3.35385 17.0135 
3.64291 9.62846 
-1.60731 -2.437 
-1.7703 10.8924 
3.03805 11.9325 
4.07618 6.47813 
-7.54572 0.858591 
3.41896 13.9559 
3.35322 2.03637 
4.58546 3.69476 
-0.142365 11.8573 
3.62425 -4.3059 
-14.3647 11.1875 
0.123679 5.59375 
2.07222 5.64029 
0.798084 15.2974 
-2.58644 15.1413 
-0.252036 16.9144 
3.76037 8.31098 
0.16532 16.4538 
-0.137645 2.69586 
11.893 -1.67977 
-2.96142 11.8051 
5.42493 8.60694 
-1.16669 4.1821 
3.84473 5.50361 
2.1081 0.956255 
-3.47684 8.95477 
-2.62265 5.26006 
-2.75765 17.5608 
0.844324 7.00076 
5.09352 3.45551 
1.71444 8.42149 
-1.53103 14.2129 
-8.82024 12.4225 
3.88357 19.0572 
14.7779 9.97899 
-3.36118 13.701 
3.07985 9.58366 
-3.71473 7.51213 
-3.64541 -5.57244 
-5.30453 18.0765 
-5.47735 1.34765 
4.05969 -0.485223 
-7.64087 15.7616 
-1.663 5.19786 
2.40934 6.21288 
-8.14148 10.447 
-3.06817 13.2855 
12.5189 0.493856 
-1.97079 2.08689 
0.313151 9.23194 
-0.927917 4.25587 
2.86238 2.94007 
0.0904613 8.36216 
-7.76745 5.27186 
6.12065 -2.95968 
1.86424 11.8921 
-2.92915 8.88703 
-2.31946 -3.33231 
-5.46507 5.22586 
-3.81065 3.73867 
-2.81326 10.5183 
3.34977 9.9004 
-0.880759 21.3383 
-2.33539 5.61307 
-4.37357 5.40248 
2.95901 13.9991 
0.24491 -2.39903 
3.07923 18.6465 
0.151978 18.0116 
7.90537 12.6292 
3.74839 11.5724 
-6.0143 20.8485 
7.91492 7.86069 
-2.77993 3.62105 
1.30143 16.9827 
8.01395 6.47595 
-1.50543 7.9173 
-0.596 7.94352 
-1.40619 13.1467 
3.0979 9.59083 
0.259992 3.43964 
-3.75365 9.96419 
1.82783 6.49143 
7.47241 7.77315 
4.04432 16.896 
-6.26769 11.1735 
1.75462 -2.40697 
1.83628 12.752 
7.29876 7.6159 
-4.71865 3.7903 
-4.26033 5.81983 
12.5931 6.89371 
-0.786851 8.86778 
-2.12884 21.7037 
8.36257 1.62745 
-1.13584 11.747 
1.16587 3.60311 
0.605677 0.154789 
-3.06592 1.87722 
-2.66845 7.54617 
-0.265481 6.95745 
-2.64445 14.0865 
-1.63281 6.33275 
-4.16451 7.97111 
5.31802 3.04751 
-1.2914 14.3967 
-2.19135 0.649516 
3.29804 3.21343 
-0.826041 4.84946 
8.23959 14.8956 
-1.11018 4.29645 
13.8278 6.29783 
-6.41041 -1.06092 
-4.84916 10.9606 
0.230176 12.878 
-0.888884 9.27886 
-1.92299 6.93216 
-0.976413 5.12699 
6.71737 -3.7629 
-3.85894 6.03499 
-2.38011 -3.25511 
5.90897 16.5801 
-2.68718 3.79669 
6.06356 14.0873 
5.92056 3.60069 
0.341416 2.81033 
-0.528282 11.3163 
0.428233 2.4503 
9.11801 3.47347 
-2.51563 3.18961 
1.70264 9.39801 
-2.5536 11.6813 
-3.20614 5.92109 
-4.67781 0.508472 
6.92684 2.19693 
3.70764 11.3078 
-2.35759 7.60602 
5.08421 8.26896 
-10.4563 -0.460682 
2.34599 4.04454 
0.409681 6.64909 
-3.01832 9.593 
-0.793641 3.48225 
1.49297 13.1116 
4.73675 8.25875 
-1.50125 6.31057 
-5.87818 8.31514 
-3.59946 10.0593 
-5.10287 1.98983 
6.28917 4.81999 
-7.42977 13.7362 
-1.34717 11.3203 
-5.7911 4.38857 
6.0321 1.81348 
4.77778 12.8477 
12.0066 16.2156 
-8.96626 8.395 
0.791951 1.55036 
-0.282005 3.80747 
2.06834 7.09152 
5.22004 7.27751 
5.51888 9.36524 
3.47422 -3.25165 
-2.91649 15.8264 
3.06118 4.26413 
2.29773 10.371 
-3.3093 -0.385762 
10.0365 9.15075 
-9.02617 1.38414 
1.50458 3.08895 
3.40418 6.24421 
-1.12067 12.5472 
1.91406 4.50924 
-6.16181 3.12943 
-0.560969 16.417 
2.33604 12.1241 
-1.97963 8.32946 
2.51999 10.2993 
-5.92037 6.1309 
-3.7006 4.21349 
11.928 4.34216 
2.3362 17.0101 
1.09975 7.25396 
0.562158 4.12062 
-1.77441 10.6231 
1.20521 13.668 
1.20569 11.6958 
0.882191 5.11298 
4.22661 3.88499 
8.04803 7.7336 
-4.61494 5.93223 
2.49555 13.1803 
-2.61894 9.77586 
4.46088 12.9526 
-2.63433 1.58617 
-5.77768 8.40906 
-1.99479 -0.203209 
-11.7627 5.69708 
-10.2891 7.98617 
2.69075 7.86206 
-4.04554 6.89082 
6.14468 8.07542 
1.72087 6.94925 
-3.65975 5.17667 
3.81891 6.73566 
-1.95554 10.0377 
-2.23318 3.2291 
1.79603 9.1951 
-1.0228 14.4364 
6.97945 11.8178 
2.75411 9.43804 
-0.170998 -7.67939 
10.8787 10.4066 
6.09211 7.86033 
0.735813 13.8224 
1.51397 17.6612 
-3.81082 11.0103 
-2.24982 14.7845 
2.18026 -0.950607 
-0.0551684 12.5635 
-0.683212 2.928 
-7.32037 7.60902 
5.05969 4.12009 
1.41999 12.4341 
3.48559 8.34514 
6.03754 12.6225 
-3.19148 8.67223 
2.94192 8.32429 
-9.85919 7.71688 
-6.73849 5.07763 
0.197632 7.07968 
7.95461 3.57155 
-2.8389 19.7935 
-3.5084 5.67634 
5.33813 6.95887 
-0.697112 4.19768 
-0.250832 3.93293 
-2.80295 -1.28882 
7.9496 11.6492 
-8.16877 0.753018 
5.72865 -4.38431 
-4.34987 8.70815 
9.55403 8.74988 
2.78876 7.42884 
1.2407 12.8929 
0.520015 10.6548 
-3.95131 10.3977 
-3.794 0.76226 
6.97885 7.31246 
5.25503 -1.19207 
4.89085 -1.25091 
5.06201 11.217 
-2.15076 12.7827 
-2.09969 0.0763493 
-0.207518 5.35749 
2.44425 6.60797 
2.6923 -3.05777 
5.7967 12.4554 
6.68066 8.48036 
-8.6847 9.2312 
-7.46777 12.5006 
-3.17835 12.646 
-6.30834 6.32827 
-2.07262 10.1549 
4.96244 12.2222 
0.248304 3.77187 
2.06648 8.14724 
-1.24902 7.80929 
5.05605 7.28728 
1.05721 2.08036 
-8.82502 3.50921 
-1.97964 8.73297 
4.17958 6.04047 
7.68808 8.77943 
-3.83068 13.255 
-5.12412 1.60791 
-7.67386 7.79561 
5.54125 20.3621 
-5.7927 12.4968 
-2.9954 4.6249 
0.880654 3.31396 
-1.2125 4.18162 
-7.79317 8.4661 
7.32987 3.29486 
2.51703 -4.07126 
-0.16071 11.3225 
1.4766 6.64925 
-4.67166 10.3837 
0.255148 7.14976 
-0.435548 2.74228 
1.1843 11.2379 
4.01578 6.77729 
-7.79574 13.7572 
-0.91336 11.2327 
6.61835 4.87893 
4.5632 -1.45586 
-10.0372 15.5063 
-8.66292 6.60898 
6.25096 -3.05933 
0.643391 16.5731 
-0.205078 9.9535 
-2.23065 14.3036 
7.32524 7.12063 
0.387817 13.6117 
9.67685 6.37799 
7.58732 12.0602 
-0.675605 9.74076 
-5.33405 -4.23683 
5.20317 8.6563 
3.52561 9.38201 
-8.82003 12.405 
2.27499 6.4217 
1.81573 0.188134 
-3.20685 11.1156 
-4.59354 2.40818 
0.675804 2.39697 
1.10221 11.592 
2.84003 12.8439 
4.19243 4.98498 
-2.23289 12.8179 
5.73623 -2.08891 
5.62615 5.74819 
4.73325 12.3766 
-2.52527 6.57089 
-3.05295 8.15484 
7.98197 2.27846 
-8.2028 6.40395 
0.0192678 3.458 
-7.31232 -6.33168 
7.19192 9.99565 
5.82274 4.6682 
-2.79339 8.63627 
-11.0585 -2.66555 
4.33902 13.7715 
-2.71066 7.64922 
1.53218 11.8606 
4.46034 10.0336 
-5.18568 1.93687 
2.63487 4.20501 
4.50774 12.5648 
-0.270861 4.57846 
3.91606 7.60608 
0.715201 5.93849 
-2.12406 14.0598 
3.37232 7.38005 
4.91735 4.77912 
0.283479 4.27843 
-4.64595 -1.40962 
-0.505311 0.0253983 
0.643775 11.4969 
-0.656192 5.89889 
-2.88594 15.2136 
-4.87878 11.2271 
2.74454 5.83039 
4.23821 6.23281 
3.56115 17.3544 
3.94554 4.91687 
-6.50945 10.2501 
1.23578 14.8731 
1.16065 18.7825 
3.40592 2.42248 
-1.07593 3.91491 
-6.2727 3.79965 
-5.10075 4.97745 
-3.7084 4.75704 
4.07289 11.7962 
-4.47394 11.7366 
1.03343 7.38097 
2.90563 7.83384 
4.06831 -1.6453 
-3.54263 7.04188 
7.98957 0.491221 
-3.12863 11.5356 
-6.01372 -1.27565 
2.97061 13.4642 
4.22164 9.11692 
-0.318645 12.6934 
-0.500391 3.65728 
7.5555 7.57199 
-5.82851 6.50295 
-0.212673 4.34476 
2.26399 3.63915 
-11.229 14.5777 
-3.09051 6.69344 
-4.78535 16.5805 
5.49808 12.6194 
-1.80908 7.51419 
-13.5078 4.27767 
7.9709 7.18317 
3.79229 6.664 
4.81363 13.6177 
-4.73813 12.7728 
1.28453 4.88253 
-3.35113 18.9975 
-2.39172 3.85346 
-3.01367 0.599897 
4.03096 9.8234 
-2.50409 14.0426 
2.36808 4.40192 
-6.86106 6.892 
-2.70431 5.02138 
-1.19013 3.71807 
1.17401 -5.54776 
2.9878 10.2722 
4.68878 10.1979 
6.41537 9.45419 
-6.33944 8.4817 
4.91623 2.92336 
2.73114 7.27091 
0.0521974 3.22206 
-1.34278 3.95777 
9.82968 1.31242 
-7.82152 -2.77062 
-0.715319 4.6535 
2.23525 13.1883 
8.80731 7.99216 
-6.00817 15.423 
4.82408 5.85948 
-2.98001 6.92648 
2.00487 4.89389 
11.2776 2.71878 
0.639968 3.12054 
-5.62305 7.72152 
3.90781 10.0494 
4.873 4.52588 
-6.09555 3.1935 
-4.74983 -2.94151 
0.863067 11.2895 
-6.14573 5.52582 
-3.26281 13.166 
1.87527 -1.12255 
5.56424 7.26592 
-4.08804 11.1467 
2.54959 6.86408 
8.68135 8.7959 
4.047 8.78834 
2.1174 13.5875 
2.28912 5.40743 
5.19126 5.83707 
5.80369 5.10229 
-0.172771 4.80279 
12.2495 11.2436 
4.36517 7.71538 
4.61367 3.62147 
1.9722 9.46406 
6.08897 6.96413 
-0.215298 2.14593 
0.487999 12.7526 
2.66613 5.84898 
-1.59218 10.4974 
8.75926 10.4839 
22.0498 10.3042 
-10.6717 6.48757 
8.41042 13.2561 
4.74528 2.32188 
-2.13336 20.1401 
-0.509222 1.47564 
-1.92047 4.98714 
5.66187 13.9048 
5.20953 0.37241 
2.87538 11.4819 
-1.06287 6.94246 
9.41029 5.486 
-6.97728 3.62652 
11.722 11.1016 
3.40199 7.22893 
3.5493 14.7797 
2.69116 0.115448 
-3.29406 12.0102 
-6.05697 10.5442 
-2.00273 3.15047 
-1.84057 16.6324 
-1.16449 5.47143 
-3.81255 3.88798 
-1.28541 4.43832 
11.3753 1.61495 
7.67471 11.9762 
4.12679 2.19932 
-0.827407 5.37064 
0.915189 13.4872 
1.38824 8.92534 
4.24009 9.42236 
-3.83337 4.52041 
3.05876 12.8888 
-1.97257 1.88403 
7.92302 4.39913 
0.309729 5.6579 
-7.97258 6.37644 
0.625426 9.47477 
1.35588 -1.97214 
-6.34252 4.78777 
-3.22264 3.34747 
-5.87547 -1.22553 
-2.24513 9.57365 
1.85222 11.6641 
-0.304673 0.652664 
1.64175 8.45763 
-1.11028 11.2565 
-3.51177 0.0943594 
-4.80387 0.913177 
4.20031 4.02322 
1.83939 11.85 
1.84504 3.45765 
3.81992 11.723 
-8.2405 2.94896 
6.40301 10.3471 
2.10066 8.79303 
-7.19413 7.42389 
4.56521 13.6493 
-0.920834 8.36106 
4.30189 10.4463 
-2.25101 13.3128 
-3.65812 -3.16931 
0.506978 9.35256 
5.22388 4.95371 
-0.802344 13.5488 
-7.03064 10.6923 
-2.45215 6.73364 
2.92812 12.7173 
-1.29326 8.66782 
-0.674792 14.1308 
0.18124 -1.7514 
2.94188 12.0564 
-5.08365 0.515492 
9.14249 8.51438 
1.0689 10.1364 
-0.731587 10.3893 
-3.72178 15.1351 
-5.46886 2.17568 
-5.4039 4.39075 
-5.90844 7.19082 
-7.47513 11.5169 
6.49224 6.88274 
-3.43779 9.75152 
-3.22383 8.2273 
8.41735 2.65552 
-3.05466 19.8211 
4.79999 8.10061 
4.62644 5.5545 
-1.58673 3.02751 
-5.37763 7.78847 
2.81925 15.6167 
-5.96004 3.26737 
-0.0325463 5.4052 
-1.05899 15.6536 
-2.27663 7.6243 
-6.05754 5.46393 
6.87582 5.40699 
3.36105 7.19379 
-6.20017 3.14651 
-4.26698 8.90661 
1.49856 3.84148 
6.72867 8.29155 
1.88802 20.9729 
4.52666 12.9781 
2.05711 8.84736 
6.87777 5.81754 
-0.00122568 4.92132 
-6.08342 2.21674 
6.50496 7.96949 
-3.56612 2.77051 
-0.50176 3.98779 
-4.5738 9.47529 
-4.48999 -2.79827 
-0.482952 9.55274 
4.17336 2.63395 
4.14898 6.86834 
0.698665 7.11883 
1.39772 1.39443 
3.73765 10.4736 
-1.24801 11.9085 
-2.99967 7.16015 
8.5284 6.90958 
0.760604 15.1766 
5.12452 11.0659 
-4.22191 6.65241 
-3.71478 6.9103 
5.14375 -2.36325 
85.6656 55.7258 
94.4517 60.6289 
81.3913 63.6881 
86.8624 61.4124 
93.3658 50.2494 
89.3414 60.7581 
90.9463 69.9053 
85.8385 53.8713 
86.5677 69.3116 
93.4816 66.3149 
91.3624 66.2489 
84.0579 54.8015 
89.6705 62.0912 
87.3811 43.6326 
87.9293 65.3594 
87.7588 67.569 
96.5329 62.5784 
92.0334 58.5161 
97.1567 60.2582 
96.4063 57.0938 
83.1095 55.4143 
91.6764 61.2455 
86.4717 58.0782 
96.6144 65.8564 
96.4135 62.0127 
90.6356 57.4703 
90.1326 53.9641 
89.0974 60.1748 
96.0399 62.8465 
90.0726 58.6856 
86.909 59.7965 
93.5352 61.5465 
90.6235 63.2213 
85.2839 60.2496 
86.9468 55.867 
80.7039 63.273 
86.3627 66.179 
84.825 58.1723 
90.3301 61.3124 
96.4137 62.253 
85.1065 68.1576 
87.4176 54.7974 
91.58 66.8227 
81.75 62.813 
83.9618 57.6055 
96.2033 55.8323 
84.6299 59.8105 
95.3041 56.1554 
85.8451 70.7652 
84.7942 56.9885 
92.4466 62.1725 
89.4351 56.6692 
92.1455 63.726 
89.3479 53.9724 
82.4075 56.1487 
98.9427 58.3084 
84.6944 66.0523 
89.2839 49.0223 
84.7532 47.7864 
97.5647 66.2556 
103.271 54.0803 
88.7897 65.8616 
92.3053 65.7133 
91.2855 55.8488 
93.5083 67.7519 
85.7814 70.1184 
88.9321 53.912 
84.7179 57.5987 
95.4732 59.3592 
98.8124 67.4978 
83.0566 56.0059 
97.0278 61.4155 
81.8372 53.3505 
82.718 66.8511 
81.5739 54.1437 
93.9763 62.1198 
88.7962 68.7516 
95.2389 58.1801 
91.7287 59.3889 
85.3473 56.3584 
92.8511 58.0531 
89.4022 53.4097 
82.8612 64.998 
94.0076 57.9218 
89.7254 57.2797 
90.274 56.1913 
99.0277 57.7317 
86.6589 61.4809 
96.5974 55.212 
94.8096 55.2979 
88.2124 60.4052 
87.3551 60.7485 
92.699 68.203 
97.8095 59.9432 
88.6388 56.2343 
93.2451 47.1399 
88.4783 66.9318 
93.2585 62.3263 
87.9537 61.0938 
81.0615 62.4937 
92.0633 66.3552 
83.9993 64.4537 
95.2379 58.1354 
94.342 64.6754 
90.3185 53.7012 
87.0036 65.5482 
90.659 61.0585 
92.5331 58.5463 
93.9395 68.0693 
86.237 55.0789 
94.5403 49.5705 
87.5719 58.1899 
86.1006 50.0324 
91.6806 54.7136 
90.7938 55.8318 
92.8637 60.1646 
93.2346 49.5876 
88.6486 62.8065 
103.095 63.128 
86.3885 64.6273 
85.0653 56.2044 
95.0961 65.1864 
88.7352 59.1215 
91.784 63.7217 
89.3775 55.7599 
84.1954 65.9407 
91.6633 63.6086 
81.9123 65.8431 
93.3197 56.4116 
89.2716 71.6515 
89.7638 67.9118 
90.1112 64.4811 
94.7701 52.4958 
89.4945 58.3162 
90.0441 57.9651 
87.6821 58.3428 
88.1666 51.8696 
82.4137 59.5336 
86.3461 55.9314 
90.2851 61.3704 
91.4616 65.9826 
84.4053 69.6357 
84.8414 60.9492 
85.3986 62.1199 
86.5663 65.5427 
91.8315 59.9145 
88.5828 66.766 
91.3486 61.149 
86.3218 60.291 
93.4772 61.4804 
90.8144 59.8214 
90.9728 56.5046 
91.4209 53.6544 
105.332 64.3926 
92.7716 59.3826 
90.1115 60.3003 
94.4111 57.8108 
86.9185 61.3645 
89.6612 62.7721 
91.0775 61.6022 
79.3979 55.8701 
88.6812 53.7264 
101.706 53.0961 
96.625 66.2398 
89.3174 60.5042 
91.7167 64.2392 
90.3258 65.52 
89.1829 64.5406 
88.9588 58.9904 
95.2887 65.8193 
97.6392 66.8954 
87.1296 61.0938 
97.352 61.7567 
82.965 63.9174 
98.1895 66.2593 
85.9085 56.0994 
82.2355 60.1519 
90.4731 65.6053 
85.3478 56.1541 
102.023 57.5091 
94.6499 56.8909 
85.5025 54.094 
91.0092 57.7867 
84.7784 64.5315 
92.0684 64.3194 
84.9429 63.3601 
96.9897 48.4989 
99.6779 68.7088 
95.8767 52.7972 
86.8749 64.2389 
85.9898 71.1084 
89.7262 58.2085 
94.0459 63.4658 
95.6033 52.3392 
87.667 60.3293 
89.2778 56.057 
91.5796 67.9557 
82.246 57.4733 
89.6431 61.9514 
95.4969 58.0372 
86.0678 54.6503 
80.0861 62.0055 
88.226 59.0403 
88.2331 58.3884 
82.2158 65.0335 
88.3031 66.8496 
76.2206 57.8208 
85.5769 58.8601 
91.4733 62.2551 
89.5071 59.257 
88.0904 60.9251 
88.5296 58.3207 
83.4602 66.8092 
98.3354 62.3236 
92.9085 60.7959 
89.2154 56.3529 
92.8829 54.1728 
91.8871 62.5231 
83.8751 66.3194 
87.9014 54.3906 
92.9627 56.7917 
84.9482 66.6175 
95.1978 60.2022 
89.0516 57.4213 
82.0172 65.1959 
94.424 60.2831 
83.1296 60.1141 
89.3178 54.9269 
88.8053 63.7977 
87.6331 58.054 
95.8878 66.414 
88.5625 60.879 
92.8621 60.405 
92.8221 58.4004 
96.4063 57.3826 
87.5077 60.1577 
81.357 60.0305 
94.7163 51.2201 
91.6248 51.1774 
88.837 58.5215 
92.0783 54.8937 
83.7056 61.2625 
90.8251 61.9677 
90.4208 60.7836 
95.294 56.4186 
84.8188 57.2618 
91.7449 50.9402 
86.2371 59.544 
93.2864 64.9381 
84.7853 60.1487 
80.2003 64.9268 
81.8928 68.8735 
89.5414 56.8827 
87.2773 56.4119 
82.5256 57.4021 
98.2849 58.1162 
96.099 44.802 
90.8612 57.5816 
92.6295 61.3884 
93.1121 61.9871 
92.3097 62.5169 
94.1371 52.7231 
83.875 65.3482 
88.5985 57.3511 
94.1116 56.7234 
78.2716 58.3252 
91.0202 63.1468 
93.0913 49.1032 
99.6201 57.9178 
92.603 54.6426 
96.7802 58.2059 
90.1351 66.1996 
88.6271 66.8717 
90.1372 62.8236 
93.7602 57.4729 
88.189 60.7808 
93.5839 56.0253 
82.7281 65.0138 
85.6203 61.1182 
89.5835 64.9916 
92.3092 55.0618 
97.6757 61.615 
87.6363 57.0635 
94.9545 67.3463 
90.3061 60.044 
96.8763 61.9031 
87.1526 66.7557 
92.3223 68.4443 
93.7772 59.1904 
90.4564 67.3218 
92.5886 61.6942 
85.1149 55.3989 
90.9577 60.698 
87.0287 59.6112 
83.7767 59.3523 
91.0135 64.074 
95.8024 66.4945 
87.0932 57.2639 
81.5163 60.9792 
88.4752 68.9406 
84.5023 64.0382 
86.6604 53.1499 
90.9218 57.6216 
95.8013 59.2493 
91.7834 68.2844 
94.5175 55.6064 
95.1141 65.161 
88.0517 56.1458 
93.328 63.1157 
103.139 66.8615 
96.0387 57.7346 
94.7736 53.5524 
89.6851 59.1664 
92.9897 61.9799 
85.7784 52.0905 
94.0695 53.8706 
91.7129 59.0781 
103.366 56.4581 
89.007 55.632 
85.6844 62.3868 
93.0348 58.3044 
91.9079 62.2628 
81.4553 55.2517 
88.4722 56.4597 
87.7035 61.4101 
90.3845 66.8074 
91.3037 56.4274 
89.2967 57.3699 
95.7038 59.401 
91.8998 65.3707 
96.5715 65.4242 
84.2234 48.7483 
79.3409 63.9566 
90.874 61.0828 
89.8333 62.61 
94.0312 65.3775 
83.888 59.7383 
87.4726 60.8193 
78.1955 52.5086 
82.5275 62.7906 
91.8327 52.3645 
98.434 61.3891 
85.9065 62.3072 
84.1016 65.3674 
93.6123 59.9227 
88.0259 59.1078 
95.2737 65.2063 
91.8374 54.6243 
87.8402 58.68 
94.519 58.1461 
88.4776 55.1606 
84.6841 64.736 
96.8695 60.5915 
88.0172 63.8431 
94.7412 67.4475 
92.1693 56.5379 
77.9966 64.4486 
101.816 64.436 
82.0635 70.019 
87.1441 56.534 
87.8506 64.5679 
97.0743 66.0397 
92.6459 57.5261 
92.1488 58.4978 
84.3937 62.3687 
83.9425 55.694 
85.3421 57.2744 
94.8952 61.1912 
86.8469 64.3656 
93.5545 60.0777 
92.3384 60.5123 
90.2857 59.9273 
92.1886 57.4276 
96.9455 60.4905 
96.6014 63.7279 
89.9515 61.0812 
85.6456 60.9043 
88.1235 56.7836 
82.566 62.1366 
98.2091 58.0349 
80.002 52.6281 
94.6477 50.642 
97.3515 59.7462 
82.4726 60.409 
96.1388 52.8902 
90.6035 51.4591 
85.2772 50.4123 
99.7763 52.794 
90.0184 65.5972 
95.3534 56.4621 
89.8622 62.2033 
91.4564 59.9326 
88.4632 66.7331 
86.7918 59.9445 
89.3114 63.5251 
87.7913 57.4206 
93.8675 61.2191 
88.6983 67.8414 
94.9521 57.6464 
85.1367 65.0699 
92.6673 57.5449 
90.4215 63.5963 
92.7375 57.3294 
92.4419 63.4531 
92.6489 68.3768 
91.4034 61.331 
86.8427 61.6822 
94.2789 55.6241 
95.3431 61.702 
90.2588 63.8658 
83.1951 62.4823 
82.8098 62.0988 
91.3976 64.3415 
83.7663 52.1432 
86.9439 60.3662 
87.7447 70.6165 
89.4263 56.1041 
87.8519 49.5141 
87.8454 55.0639 
88.6277 53.3326 
91.0217 55.9045 
85.8082 53.6661 
90.8066 53.6282 
95.4329 59.2893 
94.3083 66.4835 
90.0801 60.3964 
99.9598 57.2931 
93.0743 65.0346 
93.2635 57.8817 
97.1116 60.9377 
99.5545 63.0479 
99.5593 60.184 
85.0528 67.2123 
89.572 62.6361 
90.72 52.4112 
93.9309 70.9245 
89.508 57.4915 
94.9311 55.2561 
90.8286 61.1687 
85.7177 68.8452 
89.5903 59.954 
96.1199 59.4695 
88.2982 59.7804 
92.4721 64.2362 
87.6192 55.2063 
80.3683 64.0151 
83.2605 62.1342 
90.7615 61.3078 
84.1168 65.7461 
79.8618 57.7325 
89.888 54.6627 
96.2365 66.0709 
91.2303 56.9369 
96.8669 62.7544 
84.1172 59.091 
87.5058 62.4008 
81.808 65.8959 
88.8677 50.3841 
91.9903 59.3557 
87.667 59.3463 
89.5578 56.1113 
87.2436 50.9872 
98.0859 53.9075 
84.2574 64.1987 
92.9531 61.6446 
88.8335 63.9446 
82.6886 58.099 
89.521 61.061 
90.4285 56.3046 
90.5413 57.6813 
85.6821 61.4249 
91.112 69.9192 
98.3093 61.7215 
86.6003 66.78 
88.4585 50.6296 
94.6236 58.7491 
94.5564 57.0421 
94.5145 59.7001 
86.4581 61.1948 
85.699 55.3455 
91.0649 64.9475 
89.4592 62.4665 
84.3977 60.3915 
89.2963 55.4618 
94.3898 63.3495 
93.8815 53.8776 
85.6063 68.9188 
85.5023 51.9943 
88.3698 63.4306 
94.8464 73.8791 
99.7885 52.3711 
92.1163 55.1945 
99.3042 59.6357 
97.3486 57.0195 
84.8674 61.9399 
82.0019 57.9637 
91.9018 62.044 
86.5123 60.7972 
92.347 54.0029 
82.8501 65.7609 
84.0768 63.8226 
92.3342 66.6593 
82.9816 57.0532 
85.6275 63.3088 
86.743 64.3231 
80.18 58.3041 
93.3678 54.2256 
92.8266 66.0878 
88.3233 46.7421 
96.8386 68.7689 
94.5437 62.7442 
94.0774 58.8687 
94.3737 62.6098 
94.2328 57.9476 
95.1518 55.8123 
93.9839 51.1283 
96.7806 55.0173 
86.7438 64.1547 
83.7344 63.7717 
98.1638 58.9892 
94.2583 62.9107 
93.841 49.3559 
93.069 49.4044 
91.8364 57.0752 
90.6351 60.232 
87.9184 53.7047 
89.6163 67.7781 
95.9493 53.3052 
86.3792 58.6568 
93.6761 54.0743 
92.342 64.0227 
87.642 58.9987 
97.9206 60.2782 
84.5784 61.3274 
85.5756 58.5478 
91.3279 62.1068 
94.4508 68.6079 
81.6998 67.0456 
85.1592 62.6631 
82.3753 52.338 
87.0562 57.4418 
82.7944 55.4206 
89.1138 59.1013 
83.4084 61.0497 
92.7876 58.7399 
81.6773 58.7304 
89.768 61.7466 
86.7111 58.1254 
100.675 67.6114 
88.9919 57.2355 
89.3381 66.7894 
93.5183 64.8211 
88.1013 64.4568 
89.3425 59.002 
102.415 66.75 
91.5532 53.2833 
87.5142 53.6041 
85.7299 62.9247 
88.0155 73.2304 
84.6907 57.0507 
90.3879 65.3387 
90.1268 50.8262 
89.0732 62.2438 
94.4938 59.0142 
91.3809 67.7964 
86.644 57.7766 
93.5574 57.6129 
94.7351 60.5342 
95.1081 63.5261 
98.3242 53.9779 
81.6779 58.006 
91.4793 60.3005 
87.5565 61.706 
92.7421 59.2283 
91.9595 63.8833 
85.5673 57.8909 
92.098 64.7562 
96.1364 50.1856 
90.244 60.617 
93.5532 58.5251 
91.2821 63.0544 
82.3155 57.3296 
91.9837 56.6406 
87.7123 55.3565 
90.1967 68.679 
91.5536 59.4863 
85.6223 58.715 
83.0206 57.7199 
90.8075 63.7687 
94.8656 57.9957 
86.8755 58.096 
95.9113 63.6602 
94.9587 58.4709 
82.4229 60.8069 
86.0311 63.1419 
92.4464 64.9354 
89.0376 57.9894 
83.1794 65.5701 
92.5301 54.0283 
85.2515 54.3728 
86.4606 66.0492 
101.439 69.5942 
95.7226 67.481 
98.4796 56.154 
89.8522 59.794 
104.158 57.8899 
84.6282 68.5968 
86.5892 56.9376 
88.3975 65.7186 
97.1663 62.5157 
94.1159 56.4547 
81.927 60.5817 
87.1086 63.8673 
88.5854 65.8433 
90.2726 64.483 
99.0274 67.9873 
85.4033 62.8556 
92.3204 54.5728 
92.6136 60.0868 
96.3884 61.6175 
93.823 55.1167 
89.5846 50.0065 
99.1094 71.0658 
84.2182 67.1854 
91.5149 69.3691 
88.4903 48.7379 
80.0495 60.7179 
88.2076 61.77 
94.1205 65.0261 
89.7535 59.3621 
97.4637 62.6275 
101.127 54.9142 
95.4743 51.4994 
80.7189 51.2703 
92.1347 61.173 
90.5187 60.5657 
88.065 55.3885 
97.6943 52.7095 
90.0851 56.9079 
93.2405 64.8449 
92.296 60.5511 
89.3147 64.7402 
95.1032 59.9422 
91.0076 64.1867 
89.137 62.6102 
87.3493 64.0056 
95.6401 54.208 
96.6876 46.5901 
78.7969 54.2527 
94.1002 61.8302 
89.177 57.2689 
85.2718 66.2789 
97.4143 52.7975 
86.0286 66.3356 
89.9996 73.9072 
88.1158 65.1043 
94.015 50.2232 
96.8935 58.7947 
93.4447 64.9263 
86.4459 70.2113 
84.3765 50.1954 
86.075 63.4258 
84.4305 60.2927 
86.4468 66.2357 
92.1892 54.7672 
90.4559 57.6663 
88.8769 56.8635 
84.2744 62.7829 
85.2718 60.7689 
86.1254 55.1365 
95.363 58.5323 
85.5341 54.2336 
87.7346 66.3299 
89.476 58.9049 
91.5651 62.1829 
92.0827 61.5819 
91.3234 57.8051 
91.5059 57.3792 
93.7384 58.1402 
90.3552 60.1376 
90.1053 52.5823 
95.7305 55.6585 
99.1714 67.3864 
88.8417 61.7421 
88.1303 58.6843 
88.1661 61.2715 
85.6818 52.6564 
88.4717 56.5496 
88.229 61.547 
96.004 56.8814 
85.7158 58.8652 
87.8172 62.0273 
86.8593 53.373 
85.5028 51.186 
90.4651 57.5519 
96.1754 65.2446 
96.4835 57.5844 
94.1739 50.8126 
96.0044 66.7399 
89.7048 66.1355 
91.3776 50.8224 
91.7697 65.6841 
84.771 56.2866 
86.8489 56.7513 
94.0501 56.403 
93.0039 63.8508 
88.8197 69.3143 
89.5695 67.1174 
94.5454 55.457 
89.1246 54.5253 
92.6665 50.6968 
96.5435 53.442 
91.151 59.5439 
93.3265 60.793 
94.7761 58.1928 
82.3404 56.7326 
79.4634 65.3042 
85.9092 63.8015 
96.8789 62.0404 
92.5946 65.3381 
95.5568 57.4685 
80.4512 67.2188 
83.5586 59.2296 
90.4928 63.7416 
86.2058 66.9635 
94.6784 59.804 
90.2618 59.4054 
92.9918 56.9444 
93.4493 65.3017 
80.026 64.3395 
92.5951 59.2344 
94.274 61.1541 
99.1648 56.6268 
89.229 61.8752 
83.9631 66.2807 
94.5372 70.5737 
92.1604 59.6601 
97.0396 70.1401 
93.4986 61.9086 
84.1455 57.0528 
85.4949 52.6624 
91.3279 66.8093 
86.7967 62.547 
95.6413 64.1775 
84.766 54.8945 
87.8379 58.8224 
89.7918 62.3981 
94.1196 61.5736 
78.3174 64.496 
92.229 56.4056 
87.3553 57.6071 
82.6204 63.7527 
90.4121 60.8204 
85.5361 57.3738 
85.1185 65.4207 
95.5913 51.9141 
84.1889 67.7208 
92.9295 56.5055 
86.2198 66.4607 
86.3846 57.9005 
91.2354 66.6082 
97.3024 58.4361 
103.141 60.4876 
95.5014 60.0178 
88.7225 64.5149 
85.931 59.3826 
88.0526 63.3435 
96.8388 59.4133 
100.074 63.0093 
91.3127 54.2213 
88.0128 54.2834 
91.8945 61.8807 
90.8789 65.7449 
88.9307 62.2502 
91.2897 65.9553 
81.1157 61.1673 
91.8475 61.0832 
96.4671 60.3132 
87.4374 63.3655 
88.6541 59.2087 
85.25 64.1093 
97.1529 53.5524 
92.502 51.0572 
85.2152 54.9048 
83.7451 64.0885 
93.5692 55.506 
89.6443 61.3416 
92.859 56.1076 
88.9952 57.603 
93.434 62.0726 
97.3398 57.4204 
91.234 61.1603 
90.4579 67.0517 
87.9088 60.9981 
83.0115 64.4435 
86.0298 56.625 
94.9357 56.9929 
86.0841 66.6761 
93.5382 52.7903 
91.46 63.8242 
89.3549 61.2945 
91.7308 65.697 
90.6557 63.1443 
95.0689 64.4261 
91.092 63.8579 
85.42 57.8059 
95.9993 60.673 
86.705 63.0345 
91.8538 56.1426 
97.4956 63.8493 
87.6836 60.6716 
83.0826 48.5638 
91.3996 64.8597 
92.2115 57.6557 
86.8689 55.1252 
92.8397 61.6392 
84.0279 51.0766 
88.4781 52.0037 
93.4458 68.8185 
96.9035 64.2797 
102.595 56.5073 
86.5516 52.8013 
91.0749 71.6933 
90.16 66.307 
87.2487 58.7728 
88.3422 48.7366 
96.8515 52.6689 
84.1273 59.5852 
86.0032 53.7248 
93.037 63.8464 
83.9591 62.7206 
88.1582 63.6178 
90.8641 52.6641 
82.4485 54.798 
88.4785 56.8555 
88.753 59.8795 
86.8319 52.0908 
92.7186 60.0861 
87.1229 47.7156 
89.9949 64.6202 
88.5315 65.0166 
101.731 69.1236 
82.1712 57.9879 
94.4133 56.2528 
96.8744 49.4004 
90.2479 60.2707 
87.8413 59.3245 
87.5483 52.0273 
89.737 59.903 
90.3766 53.0609 
89.7006 61.1892 
96.1787 57.0709 
88.7825 58.7675 
101.08 62.1942 
94.4189 53.8062 
87.7185 60.1304 
87.8747 57.8861 
93.7172 57.5175 
82.1145 68.9276 
86.6827 61.9736 
84.6346 70.1749 
85.6063 57.3333 
91.0764 59.1739 
93.0599 53.2996 
85.4411 63.1343 
90.4465 71.7512 
85.5553 62.9219 
83.6168 54.8576 
89.0636 67.383 
92.3128 55.5418 
88.1114 63.3339 
90.4191 58.5891 
86.5808 60.1147 
97.9054 60.555 
95.8216 56.1835 
92.0074 68.2333 
86.0465 49.8457 
87.8789 59.2213 
96.5137 65.9642 
88.662 51.8169 
81.5755 53.9124 
95.8751 59.8449 
92.9705 59.0669 
88.4006 57.343 
93.9494 64.6889 
93.5293 62.6385 
93.8584 57.6361 
95.7222 52.6281 
89.3105 56.9256 
93.811 47.9997 
90.1093 54.2962 
84.5971 59.0166 
88.7255 58.5023 
86.3576 62.9509 
91.4906 51.4995 
90.7115 52.2123 
100.497 66.1404 
92.3562 65.4215 
90.9007 59.9053 
97.5911 58.3157 
89.6365 59.4445 
95.2049 57.5843 
93.2675 66.2406 
83.6843 62.6762 
83.9151 61.3081 
97.6011 61.9352 
85.4129 60.2474 
87.1366 54.5331 
86.268 64.2399 
92.3084 59.0094 
85.8902 61.4281 
87.414 51.0023 
89.946 55.5304 
88.8479 64.4247 
78.3333 67.4325 
93.8512 58.5136 
86.8884 51.9894 
94.0271 59.9076 
91.4815 54.4903 
91.3624 60.6519 
85.5478 57.9001 
82.6151 59.3787 
90.6248 61.2437 
97.6328 67.2337 
89.0752 59.6168 
101.758 58.8354 
85.3665 56.6489 
90.9432 52.4083 
89.8417 52.4837 
89.8128 64.643 
93.8898 58.6001 
91.011 63.574 
85.1488 57.3383 
94.3617 60.3281 
85.4521 61.1121 
82.2208 61.1225 
85.9942 61.4696 
88.2157 58.6603 
84.14 58.9206 
95.9861 64.9686 
82.6382 62.8029 
89.8586 59.1147 
91.5964 66.4693 
88.2799 64.6901 
87.9064 57.3268 
88.1245 49.9425 
85.572 59.4284 
86.3348 60.4377 
89.2654 59.8896 
94.5936 61.2093 
87.1337 66.3215 
99.2086 56.0155 
84.6711 58.721 
91.9469 66.0291 
88.8107 63.8831 
90.8309 58.6479 
90.1021 60.9781 
88.1733 59.3015 
94.265 58.7097 
97.7268 59.4929 
88.5203 51.4442 
83.7129 53.8787 
94.3582 67.9752 
84.1702 61.9156 
87.8292 64.1948 
91.8947 57.9498 
92.9395 61.9318 
97.0107 52.3614 
91.0143 54.483 
85.348 57.8819 
91.0004 60.2171 
86.7949 63.6999 
89.14 59.9381 
88.7666 65.6573 
86.3474 53.5066 
89.7488 54.7894 
94.8441 59.6434 
92.535 53.9985 
90.9276 59.8912 
89.2842 57.3671 
92.3258 55.7343 
85.8892 66.5025 
86.1041 57.3278 
86.2109 56.9047 
90.7014 53.7128 
91.6499 66.9708 
75.8058 54.4012 
84.8784 60.6472 
83.6481 60.1949 
90.3355 60.0464 
85.4878 56.2772 
91.591 57.8622 
94.5611 53.515 
92.1119 68.4676 
96.3526 48.2753 
86.9451 57.7878 
87.8127 56.5635 
89.9809 55.7588 
97.7353 62.0913 
86.5013 56.398 
0 0 1 2 1 2 1 2 2 0 0 3 2 1 0 0 0 0 1 3 3 0 3 0 1 0 0 0 1 1 1 3 1 1 1 2 1 2 2 2 3 1 3 3 2 3 3 3 3 3 2 2 0 2 1 0 3 1 3 0 1 3 1 0 1 3 3 0 0 3 2 3 1 0 3 1 3 1 3 3 3 2 1 1 3 1 0 3 3 1 1 2 1 1 3 0 2 2 0 3 0 0 1 3 3 0 3 0 1 3 1 1 3 0 3 1 2 2 2 2 1 0 1 3 1 1 3 0 2 1 1 2 2 1 2 0 1 3 1 2 2 0 3 3 0 0 1 0 2 0 0 2 1 0 0 3 2 1 0 2 3 1 2 0 0 3 1 3 1 1 2 2 0 0 1 2 1 1 1 1 0 1 3 3 3 3 2 3 1 0 2 1 0 3 2 2 0 0 0 1 1 1 3 2 2 3 1 0 3 0 2 1 0 2 0 3 1 3 1 1 0 1 0 0 1 2 1 2 2 2 3 0 0 2 0 3 2 1 3 2 0 0 3 0 1 1 1 0 0 1 2 2 1 1 0 3 3 1 3 3 3 0 3 2 0 3 2 2 0 1 1 0 1 3 0 2 2 3 1 1 1 2 2 2 2 0 1 1 3 0 3 1 0 0 1 1 1 2 3 2 0 3 1 3 1 0 0 3 1 2 0 3 1 3 3 0 0 0 0 1 0 3 3 1 1 0 3 3 1 1 1 3 2 2 0 3 1 3 2 3 3 1 2 3 0 3 3 3 0 1 1 1 1 3 0 0 0 0 1 3 1 3 1 0 3 2 1 3 0 1 2 0 0 0 3 3 3 2 1 2 1 0 1 2 3 0 1 3 2 3 3 1 0 1 1 2 0 1 1 1 0 1 1 1 2 0 1 1 1 3 3 0 3 3 1 3 2 2 2 0 1 2 3 1 0 2 3 1 0 0 1 0 1 2 2 1 1 1 2 1 3 0 1 2 1 2 0 1 1 1 2 0 0 1 1 1 0 1 0 1 3 1 3 0 1 1 2 1 1 0 3 1 1 2 0 3 0 0 1 3 3 3 1 2 1 1 3 1 3 1 1 0 0 1 0 3 1 0 1 1 1 0 2 1 2 0 1 1 3 1 0 3 1 0 0 1 0 1 2 3 3 1 0 1 1 1 0 1 3 2 1 0 1 0 3 1 1 0 1 1 0 1 3 1 3 0 0 2 1 2 0 3 0 1 1 3 0 0 1 2 3 2 2 1 3 1 2 1 1 1 3 0 1 1 3 0 0 0 1 2 1 2 2 2 0 1 2 0 3 0 3 2 2 1 2 3 1 1 1 0 3 3 0 1 0 2 1 1 1 2 0 0 1 1 1 0 3 1 3 3 3 2 1 0 2 1 2 1 3 0 1 0 0 3 0 0 1 1 1 1 3 1 3 1 0 1 2 0 1 2 3 3 2 0 1 1 2 1 1 3 0 3 0 1 0 2 1 1 1 3 0 0 0 0 1 3 2 2 3 0 0 1 1 1 3 1 0 2 2 0 2 2 3 1 2 0 1 3 1 1 1 1 2 1 1 0 3 1 2 1 2 3 1 2 1 1 0 0 1 3 0 1 1 1 0 1 0 0 1 3 2 2 1 2 3 1 3 2 1 1 2 1 0 0 0 1 1 0 3 2 3 0 0 1 3 0 1 1 2 3 2 0 1 2 2 1 2 0 2 3 3 1 2 1 1 2 2 1 2 1 1 1 0 1 3 3 3 0 1 0 2 0 1 0 1 3 1 2 1 1 0 3 1 2 1 1 1 0 1 3 0 2 0 1 2 1 3 3 0 1 2 3 1 1 3 0 2 2 1 0 2 2 1 0 3 1 1 0 1 2 1 2 0 2 1 0 0 3 3 1 3 1 3 2 1 2 0 2 1 2 2 0 2 0 2 0 0 0 3 1 2 1 0 4 3 0 0 1 3 1 0 0 0 1 0 3 0 2 1 0 1 1 3 1 1 3 1 0 0 0 1 1 0 0 3 0 3 0 2 3 0 3 3 3 3 1 1 3 0 1 3 3 0 1 2 0 3 0 2 1 0 1 2 1 3 0 0 1 1 1 1 1 1 3 0 3 0 1 1 1 3 3 1 1 0 1 1 0 1 2 2 3 1 1 3 2 1 1 3 0 2 3 1 2 0 1 0 2 0 2 3 0 3 1 1 3 1 0 2 2 0 0 1 1 0 1 0 1 1 0 5 5 5 5 5 5 5 5 5 5 5 5 5 5 5 5 5 5 5 5 5 5 5 5 5 5 5 5 5 5 5 5 5 5 5 5 5 5 5 5 5 5 5 5 5 5 5 5 5 5 5 5 5 5 5 5 5 5 5 5 5 5 5 5 5 5 5 5 5 5 5 5 5 5 5 5 5 5 5 5 5 5 5 5 5 5 5 5 5 5 5 5 5 5 5 5 5 5 5 5 5 5 5 5 5 5 5 5 5 5 5 5 5 5 5 5 5 5 5 5 5 5 5 5 5 5 5 5 5 5 5 5 5 5 5 5 5 5 5 5 5 5 5 5 5 5 5 5 5 5 5 5 5 5 5 5 5 5 5 5 5 5 5 5 5 5 5 5 5 5 5 5 5 5 5 5 5 5 5 5 5 5 5 5 5 5 5 5 5 5 5 5 5 5 5 5 5 5 5 5 5 5 5 5 5 5 5 5 5 5 5 5 5 5 5 5 5 5 5 5 5 5 5 5 5 5 5 5 5 5 5 5 5 5 5 5 5 5 5 5 5 5 5 5 5 5 5 5 5 5 5 5 5 5 5 5 5 5 5 5 5 5 5 5 5 5 5 5 5 5 5 5 5 5 5 5 5 5 5 5 5 5 5 5 5 5 5 5 5 5 5 5 5 5 5 5 5 5 5 5 5 5 5 5 5 5 5 5 5 5 5 5 5 5 5 5 5 5 5 5 5 5 5 5 5 5 5 5 5 5 5 5 5 5 5 5 5 5 5 5 5 5 5 5 5 5 5 5 5 5 5 5 5 5 5 5 5 5 5 5 5 5 5 5 5 5 5 5 5 5 5 5 5 5 5 5 5 5 5 5 5 5 5 5 5 5 5 5 5 5 5 5 5 5 5 5 5 5 5 5 5 5 5 5 5 5 5 5 5 5 5 5 5 5 5 5 5 5 5 5 5 5 5 5 5 5 5 5 5 5 5 5 5 5 5 5 5 5 5 5 5 5 5 5 5 5 5 5 5 5 5 5 5 5 5 5 5 5 5 5 5 5 5 5 5 5 5 5 5 5 5 5 5 5 5 5 5 5 5 5 5 5 5 5 5 5 5 5 5 5 5 5 5 5 5 5 5 5 5 5 5 5 5 5 5 5 5 5 5 5 5 5 5 5 5 5 5 5 5 5 5 5 5 5 5 5 5 5 5 5 5 5 5 5 5 5 5 5 5 5 5 5 5 5 5 5 5 5 5 5 5 5 5 5 5 5 5 5 5 5 5 5 5 5 5 5 5 5 5 5 5 5 5 5 5 5 5 5 5 5 5 5 5 5 5 5 5 5 5 5 5 5 5 5 5 5 5 5 5 5 5 5 5 5 5 5 5 5 5 5 5 5 5 5 5 5 5 5 5 5 5 5 5 5 5 5 5 5 5 5 5 5 5 5 5 5 5 5 5 5 5 5 5 5 5 5 5 5 5 5 5 5 5 5 5 5 5 5 5 5 5 5 5 5 5 5 5 5 5 5 5 5 5 5 5 5 5 5 5 5 5 5 5 5 5 5 5 5 5 5 5 5 5 5 5 5 5 5 5 5 5 5 5 5 5 5 5 5 5 5 5 5 5 5 5 5 5 5 5 5 5 5 5 5 5 5 5 5 5 5 5 5 5 5 5 5 5 5 5 5 5 5 5 5 5 5 5 5 5 5 5 5 5 5 5 5 5 5 5 5 5 5 5 5 5 5 5 5 5 5 5 5 5 5 5 5 5 5 5 5 5 5 5 5 5 5 5 5 5 5 5 5 5 5 5 5 5 5 5 5 5 5 5 5 5 5 5 5 5 5 5 5 5 5 5 5 5 5 5 5 5 5 5 5 5 5 5 5 5 5 5 5 5 5 5 5 5 5 5 5 5 5 5 5 5 5 5 5 5 5 5 5 5 5 5 5 5 5 5 5 5 5 5 5 5 5 5 5 5 5 5 5 5 5 5 5 5 5 5 5 5 5 5 5 5 5 5 5 5 5 5 5 5 5 5 5 5 5 5 5 5 5 5 5 5 5 5 5 5 5 5 5 5 5 5 5 5 5 5 5 5 5 5 5 5 5 5 5 5 5 5 5 5 5 5 5 5 5 5 5 5 5 5 5 5 5 5 5 5 5 5 5 5 5 5 5 5 5 5 5 5 5 5 5 5 5 5 5 5 5 5 5 5 5 5 5 5 5 5 5 5 5 5 5 5 5 5 5 5 5 5 5 5 5 5 5 5 5 5 5 
